# NBM 5.0 KLAS bulletin extract
# Cycle: 20260723 13Z
# Retrieved: 2026-07-23T15:46:39Z
# Products: NBH, NBS, NBE, NBX, NBP
# Generated by collect_nbm.py

### PRODUCT:NBH ###
                                                                          
 KLAS   NBM V5.0 NBH GUIDANCE    7/23/2026  1300 UTC
 UTC  14 15 16 17 18 19 20 21 22 23 00 01 02 03 04 05 06 07 08 09 10 11 12 13 14 
 TMP  91 95 97100103105106108108109109109108105104102100 98 97 96 95 94 93 92 94
 TSD   1  1  1  1  1  1  1  1  1  1  1  1  1  2  2  2  2  2  2  2  2  2  2  2  1
 DPT  52 51 53 52 52 52 51 52 51 50 49 50 49 49 49 49 49 50 51 51 52 52 51 52 53
 DSD   2  2  2  2  3  2  2  2  2  2  2  2  2  2  2  2  3  3  3  2  2  2  2  2  2
 WBG  76 78 81 84 86 88 88 88 88 86 86 86 84 82 81 80 79 79 78 78 77 77 76 75 77
 SKY   7  7  3  4  3  4  6  6  7  7 11 10  9 17 14 16 11  5  5  9  5  8 12 16 10
 SSD   6  6  4  4  3  4  5  5  6 14 24 27 12 21 27 23 14  5  4  7  4  8 11  9  6
 WDR  29  1  6  8 12 12 16 14 15 13 14 15 17 18 21 21 22 23 23 23 22 22 23 24 25
 WSP   2  0  0  2  3  3  4  4  4  4  5  5  5  5  5  5  5  5  5  4  4  4  3  3  3
 WSD   2  2  2  1  2  2  1  2  2  2  2  2  2  2  2  2  2  2  2  3  2  2  2  2  2
 GST   4  3  4  5  6  7  9 11 11 11 10  8  7  7  7  6  6  6  6  6  5  5  4  4  4
 GSD   1  1  1  1  2  2  2  2  2  2  3  3  2  3  3  2  3  3  3  4  3  3  2  2  2
 P01   0  0  0  0  0  1  1  1  2  2  2  2  3  2  2  2  1  1  2  1  2  2  2  2  2
 P06                                 2                 3                 2      
 Q01   0  0  0  0  0  0  0  0  0  0  0  0  0  0  0  0  0  0  0  0  0  0  0  0  0
 T01   0  0  0  0  1  1  2  3  3  2  1  2  1  1  1  1  1  1  0  1  0  0  1  1  1
 PZR   0  0  0  0  0  0  0  0  0  0  0  0  0  0  0  0  0  0  0  0  0  0  0  0  0
 PSN   0  0  0  0  0  0  0  0  0  0  0  0  0  0  0  0  0  0  0  0  0  0  0  0  0
 PPL   0  0  0  0  0  0  0  0  0  0  0  0  0  0  0  0  0  0  0  0  0  0  0  0  0
 PRA   0  0  0  0  0  0  0  0  0  0  0  0  0  0  0  0  0  0  0  0  0  0  0  0  0
 S01   0  0  0  0  0  0  0  0  0  0  0  0  0  0  0  0  0  0  0  0  0  0  0  0  0
 SLV 149149149148148148149149150152154155155156155154152153153154155155155155156
 I01   0  0  0  0  0  0  0  0  0  0  0  0  0  0  0  0  0  0  0  0  0  0  0  0  0
 CIG -88-88-88-88-88-88-88-88-88-88-88-88-88-88-88-88-88-88-88-88-88-88-88-88-88
 MVC   0  0  0  0  0  0  0  0  0  0  0  0  0  0  0  0  0  0  0  0  0  0  0  0  0
 IFC   0  0  0  0  0  0  0  0  0  0  0  0  0  0  0  0  0  0  0  0  0  0  0  0  0
 LIC   0  0  0  0  0  0  0  0  0  0  0  0  0  0  0  0  0  0  0  0  0  0  0  0  0
 LCB 110110110110120120120120130130130130140130130110120140110110110110110100100
 VIS 100100100100100100100100100100100100100100100100100100100100100100100100100
 MVV   0  0  0  0  0  0  0  0  0  0  0  0  0  0  0  0  0  0  0  0  0  0  0  0  0
 IFV   0  0  0  0  0  0  0  0  0  0  0  0  0  0  0  0  0  0  0  0  0  0  0  0  0
 LIV   0  0  0  0  0  0  0  0  0  0  0  0  0  0  0  0  0  0  0  0  0  0  0  0  0
 MHT   6 14 28 49 82109121131132133132129107  7  5  5  5  5  5  5  5  5  5  4  3
 TWD  29 32 18 17 18 18 18 18 18 17 17 17 17 18 19 22 24 24 24 23 23 23 23 25 24
 TWS   5  3  4  4  5  6  5  5  5  5  6  6  6  7  7  7  7  7  7  7  7  7  6  5  5
 SOL  16 35 53 69 82 97 99 95 87 70 48 23 11  2  1  1  1  0  0  0  0  0  0  0 14

### PRODUCT:NBS ###
                                                                          
 KLAS    NBM V5.0 NBS GUIDANCE    7/23/2026  1300 UTC
 DT /JUL  23/JUL  24                /JUL  25                /JUL  26      
 UTC  18 21 00 03 06 09 12 15 18 21 00 03 06 09 12 15 18 21 00 03 06 09 12 
 FHR  05 08 11 14 17 20 23 26 29 32 35 38 41 44 47 50 53 56 59 62 65 68 71 
 TXN                    92         111          90         112          92
 XND                     3           1           3           1           3
 TMP 103108109105100 96 93 97105108108104100 96 92 96105109111106101 97 93
 TSD   1  1  1  2  2  2  2  1  2  2  2  3  3  2  2  2  2  2  2  2  2  2  2
 DPT  52 52 49 49 49 51 51 52 53 55 53 54 53 55 54 54 54 52 47 45 46 47 47
 DSD   3  2  2  2  3  2  2  2  2  3  4  6  5  4  3  3  3  4  3  3  3  3  3
 WBG  86 88 86 82 79 78 76 80 87 90 87 82 80 78 76 80 88 89 86 82 78 77 74
 SKY   3  6 11 17 11  9 12 15 13 24 24 21 17  9  6  7  1  9  7  7  7  9 13
 SSD   3  5 24 21 14  7 11 27 27 21 30 14 21  5  4  5  3 15  6  7  8  7  8
 WDR  12 14 14 18 22 23 23 27 16 17 19 18 22 23 24 12 15 20 23 23 24 24 22
 WSP   3  4  5  5  5  4  3  2  5  6  6  6  5  5  4  3  6  8  9 10  7  7  7
 WSD   2  2  2  2  2  3  2  2  2  2  3  4  4  3  2  2  2  2  2  2  2  2  2
 GST   6 11 10  7  6  6  4  4  9 14 14  9  7  7  5  4 11 18 17 15  9  9  8
 GSD   2  2  3  3  3  4  2  2  3  3  3  5  6  3  2  2  3  3  3  3  3  3  3
 P06         2     3     2     3    10     6     0     0     4     1     0
 P12                     3          11           7           4           1
 Q06         0     0     0     0     0     0     0     0     0     0     0
 Q12                     0           0           0           0           0
 DUR                     0           0           0           0           0
 T03   2  6 11  7  5  3  3  5  5 13 18 11  5  3  1  2  1  5  7  3  2  2  1
 T06        14    10     5     7    25    18     4     2    11     6     3
 T12                    10          25          18          11           6
 PZR   0  0  0  0  0  0  0  0  0  0  0  0  0  0  0  0  0  0  0  0  0  0  0
 PSN   0  0  0  0  0  0  0  0  0  0  0  0  0  0  0  0  0  0  0  0  0  0  0
 PPL   0  0  0  0  0  0  0  0  0  0  0  0  0  0  0  0  0  0  0  0  0  0  0
 PRA   0  0  0  0  0  0  0  0  1  5  5  5  5  0  0  0  0  0  0  0  0  0  1
 S06         0     0     0     0     0     0     0     0     0     0     0
 SLV 150150150160150150160160150160160160150150140140140150150150150150150
 I06         0     0     0     0     0     0     0     0     0     0     0
 CIG -88-88-88-88-88-88-88-88-88-88-88-88-88-88-88-88-88-88-88-88-88-88-88
 IFC   0  0  0  0  0  0  0  0  0  0  0  0  0  0  0  0  0  0  0  0  0  0  0
 LCB 120120130130120110110110110130140 80 90120250260210130-88130-88260260
 VIS 100100100100100100100100100100100100100100100100100100100100100100100
 IFV   0  0  0  0  0  0  0  0  0  0  0  0  0  0  0  0  0  0  0  0  0  0  0
 MHT  82131132  7  5  5  5  9104133124  9  5  5  5 13 79131135 17  5  4  5
 TWD  18 18 17 18 24 23 23 19 18 18 20 20 21 25 24 23 20 21 22 23 25 25 22
 TWS   5  5  6  7  7  7  6  4  9 10 10  7  8  8  5  4  9 12 12 10  9  8  7
 SOL  82 95 48  2  1  0  0 30 75 77 54  5  3  0  0 26 65 96 86 22 11  0  0

### PRODUCT:NBE ###
                                                                          
 KLAS    NBM V5.0 NBE GUIDANCE    7/23/2026  1300 UTC
   FRI 24 |SAT 25 |SUN 26 |MON 27 |TUE 28 |WED 29 |THU 30 |FRI 31  CLIMO 
 UTC    12| 00  12| 00  12| 00  12| 00  12| 00  12| 00  12| 00  12       
 FHR    23| 35  47| 59  71| 83  95|107 119|131 143|155 167|179 191       
 TXN    92|111  90|112  92|112  90|109  89|109  88|109  89|110  90  78104
 XND     3|  1   3|  1   3|  2   4|  3   4|  3   4|  4   4|  4   4
 TMP    93|108  92|111  93|109  93|107  91|107  90|107  91|108  92
 TSD     2|  2   2|  2   2|  3   2|  4   3|  4   3|  4   3|  5   3
 DPT    51| 53  54| 47  47| 45  50| 50  50| 48  48| 48  49| 47  48
 DSD     2|  4   3|  3   3|  5   8|  7   8|  7   9|  8   9|  7   8
 WBG    76| 87  76| 86  74| 84  75| 84  74| 84  73| 84  74| 85  74
 SKY    12| 24   6|  7  13| 34  41| 31  25| 27  28| 30  33| 21  22
 SSD    11| 30   4|  6   8| 30  31| 18  17| 21  35| 27  28| 13  15
 WDR    23| 19  24| 23  22| 20  20| 21  20| 21  21| 19  21| 21  24
 WSP     3|  6   4|  9   7| 13   9| 11   7| 10   6|  8   5|  7   5
 WSD     2|  3   2|  2   2|  3   3|  3   3|  3   3|  3   2|  3   2
 GST     4| 14   5| 17   8| 22  13| 20   9| 17   7| 15   7| 14   6
 GSD     2|  3   2|  3   3|  4   6|  4   4|  4   3|  4   3|  4   3
 P12     3| 11   7|  4   1|  2   3|  7   2|  5   2| 11   4|  9   5   0  0
 Q12     0|  0   0|  0   0|  0   0|  0   0|  0   0|  0   0|  0   0
 Q24      |      0|      0|      0|      0|      0|      0|      0   9
 DUR     0|  0   0|  0   0|  0   0|  0   0|  0   0|  0   0|  0   0
 T12    10| 25  18| 11   6| 11  11| 21  17| 22  16| 22  15| 24  15
 PZR     0|  0   0|  0   0|  0   0|  0   0|  0   0|  0   0|  0   0
 PSN     0|  0   0|  0   0|  0   0|  0   0|  0   0|  0   0|  0   0
 PPL     0|  0   0|  0   0|  0   0|  0   0|  0   0|  0   0|  0   0
 PRA     0|  5   0|  0   1|  2   3|  4   0|  3   3|  5   3|  6   3
 S12     0|  0   0|  0   0|  0   0|  0   0|  0   0|  0   0|  0   0
 S24      |      0|      0|      0|      0|      0|      0|      0
 SLV   155|159 144|149 146|151 151|152 148|148 146|149 148|151 147
 I12     0|  0   0|  0   0|  0   0|  0   0|  0   0|  0   0|  0   0
 SOL     3| 57   2| 68   8| 48   4| 58   8| 58   8| 52   8| 55   4

### PRODUCT:NBX ###
                                                                          
 KLAS    NBM V5.0 NBX GUIDANCE    7/23/2026  1300 UTC
      SAT 01| SUN 02| MON 03| TUE 04| WED 05| THU 06| FRI 07| SAT 08      
 UTC 00  12 |00  12 |00  12 |00  12 |00  12 |00  12 |00  12 |00           
 FHR 203 215|227 239|251 263|275 287|299 311|323 335|347 359|371          
 TXN 111  91|112  91|111  90|       |       |       |       |   
 XND   3   4|  4   5|  4   5|       |       |       |       |   
 TMP 109  93|110  93|110  92|       |       |       |       |   
 TSD   4   3|  4   3|  3   4|       |       |       |       |   
 DPT  45  45| 43  44| 41  45|       |       |       |       |   
 DSD   7   7|  6   7|  7   8|       |       |       |       |   
 WBG  85  73| 85  74| 85  73|       |       |       |       |   
 SKY  16  21| 19  20| 13  24|       |       |       |       |   
 SSD  14  16| 26   6|  6  10|       |       |       |       |   
 WDR  20  24| 20  26| 20  20|       |       |       |       |   
 WSP   6   6|  7   6| 10   7|       |       |       |       |   
 WSD   4   3|  4   3|  4   3|       |       |       |       |   
 GST  13   7| 13   7| 17   9|       |       |       |       |   
 GSD   5   4|  5   4|  5   4|       |       |       |       |   
 P12   4   3|  5   1|  0   2|       |       |       |       |   
 P24       5|      3|      1|     12|     14|     22|     18|   
 Q12   0   0|  0   0|  0   0|       |       |       |       |   
 Q24       0|      0|      0|      0|      0|      1|      2|   
 DUR   0   0|  0   0|  0   0|       |       |       |       |   
 PZR   0   0|  0   0|  0   0|       |       |       |       |   
 PSN   0   0|  0   0|  0   0|       |       |       |       |   
 PPL   0   0|  0   0|  0   0|       |       |       |       |   
 PRA   0   3|  1   0|  0   1|       |       |       |       |   
 S12   0   0|  0   0|  0   0|       |       |       |       |   
 S24       0|      0|      0|       |       |       |       |   
 SLV 150 148|150 149|149 146|       |       |       |       |   
 I12   0   0|  0   0|  0   0|       |       |       |       |   
 SOL  23  22| 42  23| 42  24|       |       |       |       |

### PRODUCT:NBP ###
                                                                          
 KLAS    NBM V5.0 NBP GUIDANCE    7/23/2026  1300 UTC
    FRI 24| SAT 25| SUN 26| MON 27| TUE 28| WED 29| THU 30| FRI 31| SAT 01| 
 UTC    12| 00  12| 00  12| 00  12| 00  12| 00  12| 00  12| 00  12| 00  12| 00 
 FHR    23| 35  47| 59  71| 83  95|107 119|131 143|155 167|179 191|203 215|227
 TXNMN  92|111  91|112  92|112  90|109  89|109  88|109  89|110  90|111  91|111
 TXNSD   3|  1   3|  1   3|  2   4|  3   4|  3   4|  4   4|  4   4|  3   4|  3
 TXNP1  90|109  87|110  90|110  85|105  84|104  82|104  82|106  84|107  85|107
 TXNP2  91|109  90|111  91|111  89|108  87|107  86|107  86|108  89|109  90|109
 TXNP5  93|111  92|113  93|113  91|110  90|109  90|110  90|110  91|111  92|111
 TXNP7  94|111  93|113  94|114  93|111  91|111  91|111  92|112  93|113  94|113
 TXNP9  95|112  94|114  95|114  94|112  93|112  93|113  93|114  95|115  95|115
 WSPP1   0|  3   1|  6   4|  9   3|  7   3|  5   3|  5   0|  3   2|  2   2|  1
 WSPP2   3|  5   3|  8   5| 11   4|  8   4|  7   4|  6   3|  6   4|  4   4|  4
 WSPP5   3|  6   4|  9   6| 12   8| 10   7|  9   5|  8   5|  7   5|  6   5|  7
 WSPP7   5|  8   5| 10   8| 13  10| 12   9| 11   7| 10   6|  9   7|  9   7| 10
 WSPP9   6| 10   6| 12   8| 15  11| 14  10| 13   8| 12   7| 11   8| 11   8| 13
 W24P1    |  8    | 10    | 11    | 14    | 13    | 11    | 10    | 10    |  9
 W24P2    |  9    | 11    | 13    | 16    | 14    | 13    | 11    | 11    | 10
 W24P5    | 10    | 12    | 14    | 17    | 16    | 15    | 13    | 13    | 12
 W24P7    | 11    | 15    | 15    | 20    | 18    | 17    | 15    | 15    | 15
 W24P9    | 13    | 17    | 17    | 25    | 20    | 18    | 17    | 16    | 17
 G24P1    | 13    | 16    | 19    | 23    | 20    | 18    | 16    | 15    | 15
 G24P2    | 14    | 18    | 21    | 26    | 23    | 20    | 18    | 18    | 17
 G24P5    | 16    | 20    | 23    | 28    | 26    | 24    | 22    | 21    | 20
 G24P7    | 19    | 24    | 24    | 32    | 29    | 26    | 24    | 24    | 24
 G24P9    | 22    | 27    | 26    | 38    | 32    | 30    | 27    | 26    | 28
 Q24P1    |      0|      0|      0|      0|      0|      0|      0|      0|   
 Q24P2    |      0|      0|      0|      0|      0|      0|      0|      0|   
 Q24P5    |      0|      0|      0|      0|      0|      0|      0|      0|   
 Q24P7    |      0|      0|      0|      0|      0|      0|      0|      0|   
 Q24P9    |      5|      0|      0|      0|      0|      2|      3|      0|   
 S24P1    |      0|      0|      0|      0|      0|      0|      0|      0|   
 S24P2    |      0|      0|      0|      0|      0|      0|      0|      0|   
 S24P5    |      0|      0|      0|      0|      0|      0|      0|      0|   
 S24P7    |      0|      0|      0|      0|      0|      0|      0|      0|   
 S24P9    |      0|      0|      0|      0|      0|      0|      0|      0|   
 I24P1    |      0|      0|      0|      0|      0|      0|      0|      0|   
 I24P2    |      0|      0|      0|      0|      0|      0|      0|      0|   
 I24P5    |      0|      0|      0|      0|      0|      0|      0|      0|   
 I24P7    |      0|      0|      0|      0|      0|      0|      0|      0|   
 I24P9    |      0|      0|      0|      0|      0|      0|      0|      0|   
 SLPP1 007|004 007|003 006|003 006|002 004|001 004|001 006|002 006|002 004|000
 SLPP2 007|004 008|004 007|003 007|003 005|002 005|003 007|004 007|003 006|002
 SLPP5 008|005 008|004 007|004 008|004 006|003 006|004 008|006 008|005 008|003
 SLPP7 008|006 009|005 008|006 009|006 007|004 008|005 010|007 011|007 009|004
 SLPP9 009|006 009|006 009|006 009|006 008|005 008|007 011|008 012|008 010|006
